surpriseFaces,new
img/neutralC/CFD-WF-230-158-N.jpg,1
