surpriseFaces,new
img/neutralC/CFD-LM-216-082-N.jpg,0
